const POLYS = {
  G3: '320,60 351,63 357,80 356,127 318,132 317,116 309,113 307,64 319,61',
  G4: '363,64 411,64 409,128 367,127 368,77 363,65',
  G5: '422,62 466,64 465,129 450,130 421,129 422,63',
  S1: '141,89 200,90 209,174 176,177 175,132 139,131 141,90',
  G6: '410,225 482,226 486,264 486,270 479,271 409,274 410,226',
  G2: '186,227 204,230 203,275 187,277 185,228',
  G1: '187,290 202,292 207,299 204,340 188,341 187,291',
  S5: '104,355 210,356 216,418 214,440 104,438 104,356',
  S2: '369,364 505,364 474,437 468,439 372,435 368,429 369,365',
  KIOSK: '287,418 299,418 301,475 281,475 281,419 286,419',
  S3: '374,446 463,449 429,544 373,546 373,447',
  S4: '111,448 201,448 216,492 210,545 153,542 85,547 83,479 110,472 111,449',
};